%YAML:1.0
camera_name: vectacam
rectification_matrix:
  rows: 3
  cols: 3
  data: [1.000000, 0.000000, 0.000000, 0.000000, 1.000000, 0.000000, 0.000000, 0.000000, 1.000000]
projection_matrix:
  rows: 3
  cols: 4
  data: [639.363037, 0.000000, 304.906904, 0.000000, 0.000000, 641.563843, 237.185550, 0.000000, 0.000000, 0.000000, 1.000000, 0.000000]
CameraMat: !!opencv-matrix
   rows: 3
   cols: 3
   dt: d
   data: [ 635.907791, 0.000000, 306.875807, 0.000000, 637.065871, 236.716099, 0.000000, 0.000000, 1.000000 ]
DistCoeff: !!opencv-matrix
   rows: 1
   cols: 5
   dt: d
   data: [ 0.082046, -0.214244, 0.003193, -0.002637, 0.000000 ]
ImageSize: [ 640, 480 ]
